50   
2.3138020e-01   2.1749684e+00  -9.4069302e-01   1.0607565e+00   5.2794061e-01   1.6235439e-01   1.1011682e+00   0.0000000e+00
   2.4581757e-01  -1.4440890e+00  -7.7891525e-01   4.2988227e-01   2.0055190e-01   8.3020695e-01  -1.8464588e+00   4.4429696e+00
   3.2619259e-01  -1.2076066e+00  -1.6040985e+00  -1.7394725e+00   2.2947780e-01   1.2779659e+00  -1.9612646e+00  -1.5440278e-02
   1.8353072e-01  -1.3126597e+00   6.9797563e-02   9.3450434e-02   1.2494276e+00   1.9276935e+00  -2.4057625e-01  -3.6297483e+00
   2.1810238e-01  -5.8595404e-01  -1.5242858e-01   5.3971227e-01  -2.4423264e-01  -2.6038835e-02  -7.5215624e-01  -3.5853413e+00
   2.1101928e-01  -9.6801492e-01  -5.1464693e-01   3.1464431e-01   2.1502189e-01  -8.2330021e-01   8.2832298e-01   1.5534102e+00
   3.8316590e-01  -1.2548524e+00  -2.8146847e-03  -1.6367742e+00  -6.6935097e-02   2.2021360e+00  -9.2621267e-01  -9.8974517e-01
   4.7985410e-01  -1.0677372e-01   8.5381210e-01  -2.0046390e-01  -5.8576630e-01   1.3680604e+00   1.5079383e-01  -4.5013906e+00
   3.5337731e-01   2.4187509e+00   1.9276747e+00  -9.8939303e-01   5.9562127e-01   1.5369155e+00   3.6541141e-01  -5.5035573e-01
   3.8052216e-01  -9.8113772e-02  -5.6990217e-01  -1.2633413e+00  -1.0885349e+00   4.7871594e-01  -5.0664253e-01  -2.5825793e+00
   3.9268487e-01  -6.2405106e-01  -9.1292920e-02  -6.6880058e-01   2.1489823e-02   1.6818562e+00  -1.1347526e-01   7.4030108e-03
   5.8654011e-02   9.9228941e-01  -2.1187656e+00  -1.4928624e+00   4.9654167e-01   6.5761992e-01  -9.3673949e-01  -1.8223938e+00
   4.2780519e-01   1.0124978e+00  -7.5304915e-01  -1.9887286e-01   5.8166209e-01  -5.7830876e-02  -1.1697807e+00  -1.0683023e+00
   3.4670177e-01   1.6669975e+00   2.4451491e+00   4.4240213e-01  -2.0751602e+00   9.4560128e-01   7.4807240e-01   4.5104594e-01
   4.9606133e-01  -2.4579902e-01  -1.4938551e+00  -8.1356703e-01  -6.4726204e-01  -4.6932588e-01  -8.1156442e-01   4.2244547e+00
   4.4015930e-01  -3.3951528e-01  -8.9727137e-01  -2.4120034e+00  -1.5079588e+00  -1.5018801e+00   1.2648921e+00   7.4088685e-01
   4.3719976e-01   2.1331200e-01   4.5665141e-01   1.3241677e+00   8.2605389e-01   1.6997932e-01  -2.7441018e-02  -9.9978967e-01
   4.7871145e-01  -7.2034866e-01   4.4360472e-01  -1.2483238e-01  -8.7283360e-01  -1.5997309e+00   1.2093108e+00   5.3183066e-01
   1.7350308e-01   5.9647680e-01   4.7537606e-01  -9.7364819e-02  -2.2986970e-01   8.7971604e-01   4.9431497e-01   4.8064574e-01
   1.7217655e-01  -1.1323583e+00   5.0498473e-01   1.9766006e+00   4.0023275e-01  -3.5148348e-01  -6.8728138e-01   4.7811678e-01
   4.4232015e-01   9.6546947e-01   1.7204201e+00  -6.7594833e-01   8.1747208e-01  -4.8666326e-01  -6.7869751e-01   1.6183232e+00
   2.5172751e-01   3.1612290e-01  -1.0063534e+00  -2.1374689e-03   2.1614999e-01  -2.7402473e+00  -5.1979722e-01  -3.6223650e+00
   4.0880793e-01   8.2740253e-01  -6.2795461e-02   1.3473977e-01   1.6814033e+00   4.8541810e-01   1.2775045e+00   1.4790869e+00
   4.2190743e-01   7.6883420e-01   5.8679391e-02  -1.1119732e+00  -1.2523761e+00   1.4786675e+00  -4.1943668e-01  -2.4639132e+00
   3.0275212e-01  -4.6642021e-01   4.8914529e-01   1.0415356e-01  -4.3113640e-01   1.6649040e+00  -1.8892508e+00   5.7517379e-01
   4.4402943e-01  -5.6100298e-01  -9.4602964e-01   4.6636727e-01   2.0199645e+00   1.8864047e+00  -2.6630061e-01  -8.4447263e-02
   5.6112850e-02  -4.7582314e-01   1.2453720e+00  -1.5881916e+00  -2.2656958e-01  -1.3704329e-01  -2.1806575e-01  -2.7713175e+00
   4.3058861e-01  -1.4857483e+00  -9.3676522e-01   9.5449255e-01  -4.7442712e-01  -5.7511073e-01  -8.5677311e-01  -4.2664486e+00
   1.0119127e-01  -1.0038515e+00   2.4786391e-01  -2.3759081e-01   7.1787220e-02   7.6195572e-01   2.2706865e+00   2.5549174e+00
   2.1877520e-01  -1.7259392e+00  -1.0742387e+00   2.8272670e+00   2.4894738e+00  -6.9269316e-01   5.2495295e-01  -2.0648759e+00
   4.9482927e-01  -9.5216438e-01   1.3523126e+00   4.3776444e-01   6.2980766e-01   2.2790293e-01   5.7027057e-01   1.6659398e-01
   3.3121668e-01   2.8515042e-01   2.1535095e-01   1.6724069e+00  -1.7387594e+00  -9.4862833e-01   1.6803562e+00  -2.7773292e+00
   9.4532702e-02  -9.6948554e-02   1.8234307e-01  -1.0250350e+00   2.5727151e+00   1.2850133e+00   1.7738576e-02   6.8791439e+00
   4.9007168e-01   1.4887267e-01  -1.9957922e+00   9.1341598e-01   4.0988186e-01  -5.4315610e-01   4.6982664e-01  -6.9874773e+00
   2.7522597e-01   8.4616514e-01  -2.2247768e+00   8.8290681e-02   2.8539791e-01   1.0138432e+00   1.8258933e-01   3.4559018e+00
   2.2305511e-01  -1.0036576e+00  -4.5222800e-01   2.6221798e-01  -4.6859325e-01   5.0148022e-01   1.0652847e+00   2.9607494e+00
   3.4208809e-01   1.9597962e+00   1.1337223e+00   2.8511515e-01  -1.4157396e+00   2.1890817e+00   4.4109274e-01   7.7962346e-01
   2.5740814e-01   2.6628316e+00   3.2639207e+00  -1.2374672e+00   1.4058199e+00   1.3970220e+00  -8.1184964e-01   4.4828393e+00
   3.7926140e-01   4.0211615e-02   3.6522877e-01  -9.8006435e-01   7.7274444e-01  -1.0959480e+00  -8.6574764e-01  -6.3675459e+00
   3.5968408e-01   1.4626966e-01   1.0609821e+00   3.5969516e-01  -1.5590020e+00  -6.5852444e-01   6.2456037e-01  -4.3036090e+00
   3.2339968e-01   3.9799368e-01  -1.4183857e+00   1.5247564e+00  -9.6771815e-01  -4.4213885e-01  -2.1238230e-02   3.3185360e+00
   4.4014169e-02   3.2981514e+00   1.3502424e-01   3.1841473e-01  -4.8726710e-01   7.3682382e-01  -4.6566793e-01   6.8196038e+00
   2.9403453e-01   8.7560962e-01  -1.3616363e-01  -9.4817254e-01  -9.7316121e-01   1.2770226e+00  -1.2780668e-01   4.9869935e+00
   1.4259948e-01   1.3609205e+00   1.8296547e+00   1.2412198e-01   3.2581918e-02   5.9320662e-01  -2.0838505e-01   1.0995332e+00
   1.4477954e-01  -5.2726094e-01   4.7731414e-01  -2.3114697e+00  -1.3531090e+00   7.1052390e-01   3.8300582e-01  -3.9897784e-01
   2.2946809e-01   1.8279479e+00   5.8215757e-01   1.5556631e-01   1.4996128e+00  -4.2389284e-01   3.4680823e-01  -3.1159299e+00
   2.5624355e-02   6.5275050e-01  -1.1520534e+00   1.3332571e+00  -5.0705067e-02  -4.3172056e-01  -3.7409386e-02  -1.4577927e+00
   3.2568451e-02   1.1350607e+00   9.0669784e-01   5.5582368e-01   3.7015411e-02  -1.1986984e+00   4.6505359e-01   4.6275701e+00
   4.8793633e-01  -9.4410253e-01   1.4982060e+00   1.3662759e-01   6.1980634e-01   7.4964126e-01  -5.4032809e-01   1.8695456e+00
   4.4094905e-01   7.1528780e-01   6.3705112e-02  -9.2227950e-01  -1.0282289e+00   4.1179050e-02  -1.6622278e+00  -3.4459762e+00
